-----------------------------------------------------------------------------------------
Printing A
Number of non zeros in A - 90
Size of A - 9 X 36

A is - 
        0         0         0         0         0         0  0.176907  0.176907 0.0667894         0         0         0  0.176907  0.176907 0.0667894         0         0         0 0.0667894 0.0667894 0.0252157         0         0         0         0         0         0         0         0         0         0         0         0         0         0         0
        0         0         0         0         0         0         0  0.057637  0.152664  0.152664  0.057637         0         0  0.057637  0.152664  0.152664  0.057637         0         0 0.0217603  0.057637  0.057637 0.0217603         0         0         0         0         0         0         0         0         0         0         0         0         0
        0         0         0         0         0         0         0         0         0 0.0667894  0.176907  0.176907         0         0         0 0.0667894  0.176907  0.176907         0         0         0 0.0252157 0.0667894 0.0667894         0         0         0         0         0         0         0         0         0         0         0         0
        0         0         0         0         0         0         0         0         0         0         0         0  0.057637  0.057637 0.0217603         0         0         0  0.152664  0.152664  0.057637         0         0         0  0.152664  0.152664  0.057637         0         0         0  0.057637  0.057637 0.0217603         0         0         0
        0         0         0         0         0         0         0         0         0         0         0         0         0 0.0187784 0.0497387 0.0497387 0.0187784         0         0 0.0497387  0.131744  0.131744 0.0497387         0         0 0.0497387  0.131744  0.131744 0.0497387         0         0 0.0187784 0.0497387 0.0497387 0.0187784         0
        0         0         0         0         0         0         0         0         0         0         0         0         0         0         0 0.0217603  0.057637  0.057637         0         0         0  0.057637  0.152664  0.152664         0         0         0  0.057637  0.152664  0.152664         0         0         0 0.0217603  0.057637  0.057637
        0         0         0         0         0         0         0         0         0         0         0         0         0         0         0         0         0         0         0         0         0         0         0         0  0.115274  0.115274 0.0435206         0         0         0  0.305329  0.305329  0.115274         0         0         0
        0         0         0         0         0         0         0         0         0         0         0         0         0         0         0         0         0         0         0         0         0         0         0         0         0 0.0375568 0.0994775 0.0994775 0.0375568         0         0 0.0994775  0.263488  0.263488 0.0994775         0
        0         0         0         0         0         0         0         0         0         0         0         0         0         0         0         0         0         0         0         0         0         0         0         0         0         0         0 0.0435206  0.115274  0.115274         0         0         0  0.115274  0.305329  0.305329

