-----------------------------------------------------------------------------------------
Printing DHF
DHF is - 
compressed_matrix of size (9, 225) with 361 nonzeros:
  (0, 0)	0.0235948
  (0, 1)	0.0325028
  (0, 2)	0.0325028
  (0, 3)	0.0325028
  (0, 4)	0.0235948
  (0, 5)	0.008908
  (0, 15)	0.0325028
  (0, 16)	0.0447739
  (0, 17)	0.0447739
  (0, 18)	0.0447739
  (0, 19)	0.0325028
  (0, 20)	0.0122711
  (0, 30)	0.0325028
  (0, 31)	0.0447739
  (0, 32)	0.0447739
  (0, 33)	0.0447739
  (0, 34)	0.0325028
  (0, 35)	0.0122711
  (0, 45)	0.0325028
  (0, 46)	0.0447739
  (0, 47)	0.0447739
  (0, 48)	0.0447739
  (0, 49)	0.0325028
  (0, 50)	0.0122711
  (0, 60)	0.0235948
  (0, 61)	0.0325028
  (0, 62)	0.0325028
  (0, 63)	0.0325028
  (0, 64)	0.0235948
  (0, 65)	0.008908
  (0, 75)	0.008908
  (0, 76)	0.0122711
  (0, 77)	0.0122711
  (0, 78)	0.0122711
  (0, 79)	0.008908
  (0, 80)	0.00336313
  (1, 4)	0.00841972
  (1, 5)	0.0223015
  (1, 6)	0.0307212
  (1, 7)	0.0307212
  (1, 8)	0.0307212
  (1, 9)	0.0223015
  (1, 10)	0.00841972
  (1, 19)	0.0115985
  (1, 20)	0.0307212
  (1, 21)	0.0423197
  (1, 22)	0.0423197
  (1, 23)	0.0423197
  (1, 24)	0.0307212
  (1, 25)	0.0115985
  (1, 34)	0.0115985
  (1, 35)	0.0307212
  (1, 36)	0.0423197
  (1, 37)	0.0423197
  (1, 38)	0.0423197
  (1, 39)	0.0307212
  (1, 40)	0.0115985
  (1, 49)	0.0115985
  (1, 50)	0.0307212
  (1, 51)	0.0423197
  (1, 52)	0.0423197
  (1, 53)	0.0423197
  (1, 54)	0.0307212
  (1, 55)	0.0115985
  (1, 64)	0.00841972
  (1, 65)	0.0223015
  (1, 66)	0.0307212
  (1, 67)	0.0307212
  (1, 68)	0.0307212
  (1, 69)	0.0223015
  (1, 70)	0.00841972
  (1, 79)	0.00317879
  (1, 80)	0.00841972
  (1, 81)	0.0115985
  (1, 82)	0.0115985
  (1, 83)	0.0115985
  (1, 84)	0.00841972
  (1, 85)	0.00317879
  (2, 9)	0.008908
  (2, 10)	0.0235948
  (2, 11)	0.0325028
  (2, 12)	0.0325028
  (2, 13)	0.0325028
  (2, 14)	0.0235948
  (2, 24)	0.0122711
  (2, 25)	0.0325028
  (2, 26)	0.0447739
  (2, 27)	0.0447739
  (2, 28)	0.0447739
  (2, 29)	0.0325028
  (2, 39)	0.0122711
  (2, 40)	0.0325028
  (2, 41)	0.0447739
  (2, 42)	0.0447739
  (2, 43)	0.0447739
  (2, 44)	0.0325028
  (2, 54)	0.0122711
  (2, 55)	0.0325028
  (2, 56)	0.0447739
  (2, 57)	0.0447739
  (2, 58)	0.0447739
  (2, 59)	0.0325028
  (2, 69)	0.008908
  (2, 70)	0.0235948
  (2, 71)	0.0325028
  (2, 72)	0.0325028
  (2, 73)	0.0325028
  (2, 74)	0.0235948
  (2, 84)	0.00336313
  (2, 85)	0.008908
  (2, 86)	0.0122711
  (2, 87)	0.0122711
  (2, 88)	0.0122711
  (2, 89)	0.008908
  (3, 60)	0.00841972
  (3, 61)	0.0115985
  (3, 62)	0.0115985
  (3, 63)	0.0115985
  (3, 64)	0.00841972
  (3, 65)	0.00317879
  (3, 75)	0.0223015
  (3, 76)	0.0307212
  (3, 77)	0.0307212
  (3, 78)	0.0307212
  (3, 79)	0.0223015
  (3, 80)	0.00841972
  (3, 90)	0.0307212
  (3, 91)	0.0423197
  (3, 92)	0.0423197
  (3, 93)	0.0423197
  (3, 94)	0.0307212
  (3, 95)	0.0115985
  (3, 105)	0.0307212
  (3, 106)	0.0423197
  (3, 107)	0.0423197
  (3, 108)	0.0423197
  (3, 109)	0.0307212
  (3, 110)	0.0115985
  (3, 120)	0.0307212
  (3, 121)	0.0423197
  (3, 122)	0.0423197
  (3, 123)	0.0423197
  (3, 124)	0.0307212
  (3, 125)	0.0115985
  (3, 135)	0.0223015
  (3, 136)	0.0307212
  (3, 137)	0.0307212
  (3, 138)	0.0307212
  (3, 139)	0.0223015
  (3, 140)	0.00841972
  (3, 150)	0.00841972
  (3, 151)	0.0115985
  (3, 152)	0.0115985
  (3, 153)	0.0115985
  (3, 154)	0.00841972
  (3, 155)	0.00317879
  (4, 64)	0.00300455
  (4, 65)	0.0079582
  (4, 66)	0.0109627
  (4, 67)	0.0109627
  (4, 68)	0.0109627
  (4, 69)	0.0079582
  (4, 70)	0.00300455
  (4, 79)	0.0079582
  (4, 80)	0.0210791
  (4, 81)	0.0290373
  (4, 82)	0.0290373
  (4, 83)	0.0290373
  (4, 84)	0.0210791
  (4, 85)	0.0079582
  (4, 94)	0.0109627
  (4, 95)	0.0290373
  (4, 96)	0.04
  (4, 97)	0.04
  (4, 98)	0.04
  (4, 99)	0.0290373
  (4, 100)	0.0109627
  (4, 109)	0.0109627
  (4, 110)	0.0290373
  (4, 111)	0.04
  (4, 112)	0.04
  (4, 113)	0.04
  (4, 114)	0.0290373
  (4, 115)	0.0109627
  (4, 124)	0.0109627
  (4, 125)	0.0290373
  (4, 126)	0.04
  (4, 127)	0.04
  (4, 128)	0.04
  (4, 129)	0.0290373
  (4, 130)	0.0109627
  (4, 139)	0.0079582
  (4, 140)	0.0210791
  (4, 141)	0.0290373
  (4, 142)	0.0290373
  (4, 143)	0.0290373
  (4, 144)	0.0210791
  (4, 145)	0.0079582
  (4, 154)	0.00300455
  (4, 155)	0.0079582
  (4, 156)	0.0109627
  (4, 157)	0.0109627
  (4, 158)	0.0109627
  (4, 159)	0.0079582
  (4, 160)	0.00300455
  (5, 69)	0.00317879
  (5, 70)	0.00841972
  (5, 71)	0.0115985
  (5, 72)	0.0115985
  (5, 73)	0.0115985
  (5, 74)	0.00841972
  (5, 84)	0.00841972
  (5, 85)	0.0223015
  (5, 86)	0.0307212
  (5, 87)	0.0307212
  (5, 88)	0.0307212
  (5, 89)	0.0223015
  (5, 99)	0.0115985
  (5, 100)	0.0307212
  (5, 101)	0.0423197
  (5, 102)	0.0423197
  (5, 103)	0.0423197
  (5, 104)	0.0307212
  (5, 114)	0.0115985
  (5, 115)	0.0307212
  (5, 116)	0.0423197
  (5, 117)	0.0423197
  (5, 118)	0.0423197
  (5, 119)	0.0307212
  (5, 129)	0.0115985
  (5, 130)	0.0307212
  (5, 131)	0.0423197
  (5, 132)	0.0423197
  (5, 133)	0.0423197
  (5, 134)	0.0307212
  (5, 144)	0.00841972
  (5, 145)	0.0223015
  (5, 146)	0.0307212
  (5, 147)	0.0307212
  (5, 148)	0.0307212
  (5, 149)	0.0223015
  (5, 159)	0.00317879
  (5, 160)	0.00841972
  (5, 161)	0.0115985
  (5, 162)	0.0115985
  (5, 163)	0.0115985
  (5, 164)	0.00841972
  (6, 135)	0.008908
  (6, 136)	0.0122711
  (6, 137)	0.0122711
  (6, 138)	0.0122711
  (6, 139)	0.008908
  (6, 140)	0.00336313
  (6, 150)	0.0235948
  (6, 151)	0.0325028
  (6, 152)	0.0325028
  (6, 153)	0.0325028
  (6, 154)	0.0235948
  (6, 155)	0.008908
  (6, 165)	0.0325028
  (6, 166)	0.0447739
  (6, 167)	0.0447739
  (6, 168)	0.0447739
  (6, 169)	0.0325028
  (6, 170)	0.0122711
  (6, 180)	0.0325028
  (6, 181)	0.0447739
  (6, 182)	0.0447739
  (6, 183)	0.0447739
  (6, 184)	0.0325028
  (6, 185)	0.0122711
  (6, 195)	0.0325028
  (6, 196)	0.0447739
  (6, 197)	0.0447739
  (6, 198)	0.0447739
  (6, 199)	0.0325028
  (6, 200)	0.0122711
  (6, 210)	0.0235948
  (6, 211)	0.0325028
  (6, 212)	0.0325028
  (6, 213)	0.0325028
  (6, 214)	0.0235948
  (6, 215)	0.008908
  (7, 139)	0.00317879
  (7, 140)	0.00841972
  (7, 141)	0.0115985
  (7, 142)	0.0115985
  (7, 143)	0.0115985
  (7, 144)	0.00841972
  (7, 145)	0.00317879
  (7, 154)	0.00841972
  (7, 155)	0.0223015
  (7, 156)	0.0307212
  (7, 157)	0.0307212
  (7, 158)	0.0307212
  (7, 159)	0.0223015
  (7, 160)	0.00841972
  (7, 169)	0.0115985
  (7, 170)	0.0307212
  (7, 171)	0.0423197
  (7, 172)	0.0423197
  (7, 173)	0.0423197
  (7, 174)	0.0307212
  (7, 175)	0.0115985
  (7, 184)	0.0115985
  (7, 185)	0.0307212
  (7, 186)	0.0423197
  (7, 187)	0.0423197
  (7, 188)	0.0423197
  (7, 189)	0.0307212
  (7, 190)	0.0115985
  (7, 199)	0.0115985
  (7, 200)	0.0307212
  (7, 201)	0.0423197
  (7, 202)	0.0423197
  (7, 203)	0.0423197
  (7, 204)	0.0307212
  (7, 205)	0.0115985
  (7, 214)	0.00841972
  (7, 215)	0.0223015
  (7, 216)	0.0307212
  (7, 217)	0.0307212
  (7, 218)	0.0307212
  (7, 219)	0.0223015
  (7, 220)	0.00841972
  (8, 144)	0.00336313
  (8, 145)	0.008908
  (8, 146)	0.0122711
  (8, 147)	0.0122711
  (8, 148)	0.0122711
  (8, 149)	0.008908
  (8, 159)	0.008908
  (8, 160)	0.0235948
  (8, 161)	0.0325028
  (8, 162)	0.0325028
  (8, 163)	0.0325028
  (8, 164)	0.0235948
  (8, 174)	0.0122711
  (8, 175)	0.0325028
  (8, 176)	0.0447739
  (8, 177)	0.0447739
  (8, 178)	0.0447739
  (8, 179)	0.0325028
  (8, 189)	0.0122711
  (8, 190)	0.0325028
  (8, 191)	0.0447739
  (8, 192)	0.0447739
  (8, 193)	0.0447739
  (8, 194)	0.0325028
  (8, 204)	0.0122711
  (8, 205)	0.0325028
  (8, 206)	0.0447739
  (8, 207)	0.0447739
  (8, 208)	0.0447739
  (8, 209)	0.0325028
  (8, 219)	0.008908
  (8, 220)	0.0235948
  (8, 221)	0.0325028
  (8, 222)	0.0325028
  (8, 223)	0.0325028
  (8, 224)	0.0235948


