-----------------------------------------------------------------------------------------
Inside function Dmatrix
rfactor = 2
Src = 
[10, 150, 67;
  120, 34, 200;
  0, 255, 50]
Dest = 
[-1.6015625, 39.358749, 136.63899, 154.75934, 83.487122, 52.972656;
  39.140625, 57.018692, 99.975632, 120.9818, 108.17488, 102.40625;
  107.73438, 86.474167, 37.319839, 63.202713, 149.50658, 185.6875;
  104.41406, 93.228928, 67.804459, 92.915619, 154.38199, 180.04297;
  31.054688, 73.468521, 174.21465, 193.34146, 120.04794, 88.660156;
  -12.65625, 61.848129, 238.13484, 253.68584, 99.719376, 34.179688]

Number of non zeros in _Dmatrix - 36
Size of _Dmatrix - 9 X 36

_Dmatrix is - 
0.25 0.25    0    0    0    0 0.25 0.25    0    0    0    0    0    0    0    0    0    0    0    0    0    0    0    0    0    0    0    0    0    0    0    0    0    0    0    0
   0    0 0.25 0.25    0    0    0    0 0.25 0.25    0    0    0    0    0    0    0    0    0    0    0    0    0    0    0    0    0    0    0    0    0    0    0    0    0    0
   0    0    0    0 0.25 0.25    0    0    0    0 0.25 0.25    0    0    0    0    0    0    0    0    0    0    0    0    0    0    0    0    0    0    0    0    0    0    0    0
   0    0    0    0    0    0    0    0    0    0    0    0 0.25 0.25    0    0    0    0 0.25 0.25    0    0    0    0    0    0    0    0    0    0    0    0    0    0    0    0
   0    0    0    0    0    0    0    0    0    0    0    0    0    0 0.25 0.25    0    0    0    0 0.25 0.25    0    0    0    0    0    0    0    0    0    0    0    0    0    0
   0    0    0    0    0    0    0    0    0    0    0    0    0    0    0    0 0.25 0.25    0    0    0    0 0.25 0.25    0    0    0    0    0    0    0    0    0    0    0    0
   0    0    0    0    0    0    0    0    0    0    0    0    0    0    0    0    0    0    0    0    0    0    0    0 0.25 0.25    0    0    0    0 0.25 0.25    0    0    0    0
   0    0    0    0    0    0    0    0    0    0    0    0    0    0    0    0    0    0    0    0    0    0    0    0    0    0 0.25 0.25    0    0    0    0 0.25 0.25    0    0
   0    0    0    0    0    0    0    0    0    0    0    0    0    0    0    0    0    0    0    0    0    0    0    0    0    0    0    0 0.25 0.25    0    0    0    0 0.25 0.25

